-40.0 -100.0 0 0.5
-40.0 -0.0 0 0.5
0.041867137 -0.54444427 0 0.5
1.0842667 -0.80888825 0 0.5
2.1224 -1.1799988 0 0.5
3.1514664 -1.4444428 0 0.5
4.1666656 -1.788887 0 0.5
5.163199 -2.3999984 0 0.5
6.1362658 -3.0644424 0 0.5
7.081065 -3.7688873 0 0.5
7.992798 -4.4999986 0 0.5
8.866664 -5.244443 0 0.5
9.697864 -5.9888873 0 0.5
10.481597 -6.7199984 0 0.5
11.213063 -7.4244432 0 0.5
11.887464 -8.088889 0 0.5
12.5 -8.7 0 0.5
13.024829 -9.263496 0 0.5
13.6666355 -9.786636 0 0.5
14.4064 -10.2584 0 0.5
15.225096 -10.667763 0 0.5
16.103703 -11.003703 0 0.5
17.0232 -11.2552 0 0.5
17.964563 -11.411231 0 0.5
18.908772 -11.460772 0 0.5
19.836802 -11.392801 0 0.5
20.72963 -11.196297 0 0.5
21.568237 -10.860237 0 0.5
22.333601 -10.373599 0 0.5
23.006697 -9.725362 0 0.5
23.568502 -8.904503 0 0.5
24.0 -8.2 0 0.5
24.466785 -9.180148 0 0.5
25.022282 -10.098518 0 0.5
25.659199 -10.712 0 0.5
26.370253 -11.077481 0 0.5
27.148148 -11.251851 0 0.5
27.9856 -11.292 0 0.5
28.875319 -11.254814 0 0.5
29.810013 -11.197185 0 0.5
30.782398 -11.176 0 0.5
31.785183 -11.248148 0 0.5
32.81108 -11.470519 0 0.5
33.8528 -11.900001 0 0.5
34.903053 -12.593482 0 0.5
35.954548 -13.607852 0 0.5
37.0 -15.0 0 0.5
37.90797 -16.158194 0 0.5
38.8131 -17.409544 0 0.5
39.747204 -18.719202 0 0.5
40.742107 -20.052328 0 0.5
41.82963 -21.374075 0 0.5
43.041603 -22.649601 0 0.5
44.40984 -23.844059 0 0.5
45.966164 -24.922607 0 0.5
47.7424 -25.8504 0 0.5
49.770374 -26.592594 0 0.5
52.081898 -27.11434 0 0.5
54.7088 -27.380798 0.1 0.5
57.682903 -27.357122 0.2 0.5
61.03603 -27.008472 0.2 0.5
64.8 -26.299997 0.2 0.5
70 -24 0.2 0.5
75 -20 0.2 0.5
100 0 0.4 0.5
140 0 0.4 0.5
140 -100 0 0.5
