# map outline: x y friction [snow-spray]
-40.0 -100.0 0 0.5
-40.0 -0.0 0 0.5
0.041867137 -0.54444427 0 0.5
1.0842667 -0.80888825 0 0.5
2.1224 -1.1799988 0 0.5
3.1514664 -1.4444428 0 0.5
4.1666656 -1.788887 0 0.5
5.163199 -2.3999984 0 0.5
6.1362658 -3.0644424 0 0.5
7.081065 -3.7688873 0 0.5
7.992798 -4.4999986 0 0.5
8.866664 -5.244443 0 0.5
9.697864 -5.9888873 0 0.5
10.481597 -6.7199984 0 0.5
11.213063 -7.4244432 0 0.5
11.887464 -8.088889 0 0.5
12.5 -8.7 0 0.5
13.024829 -9.263496 0 0.5
13.6666355 -9.786636 0 0.5
14.4064 -10.2584 0 0.5
15.225096 -10.667763 0 0.5
16.103703 -11.003703 0 0.5
17.0232 -11.2552 0 0.5
17.964563 -11.411231 0 0.5
18.908772 -11.460772 0 0.5
150 -11.460772 0 0.5
150 -100 0 0.5
