-100.0 -100.0 0 0.5
-100.0 -0.0 0 0.5
-0.0026664734 -0.1465187 0 0.5
0.89066696 -0.5534817 0 0.5
1.7120004 -1.1720002 0 0.5
2.4933336 -1.9531853 0 0.5
3.2666664 -2.8481483 0 0.5
4.064 -3.8080003 0 0.5
4.917334 -4.7838526 0 0.5
5.858667 -5.7268157 0 0.5
6.9200015 -6.5880013 0 0.5
8.133334 -7.3185196 0 0.5
9.530667 -7.8694825 0 0.5
11.144 -8.192 0 0.5
13.005335 -8.2371855 0 0.5
15.1466675 -7.9561486 0 0.5
17.6 -7.3 0 0.5
17.6 -7.3 0 0.5
17.533659 -8.003171 0 0.5
17.53594 -8.634697 0 0.5
17.6088 -9.197601 0 0.5
17.754194 -9.694905 0 0.5
17.974075 -10.129631 0 0.5
18.270401 -10.504802 0 0.5
18.645126 -10.82344 0 0.5
19.100208 -11.088565 0 0.5
19.637602 -11.303203 0 0.5
20.25926 -11.470374 0 0.5
20.967142 -11.593101 0 0.5
21.763203 -11.674403 0 0.5
22.649397 -11.717307 0 0.5
23.627676 -11.724833 0 0.5
24.7 -11.7 0 0.5
24.774103 -9.813364 0 0.5
24.87416 -8.193572 0 0.5
24.9968 -6.8408012 0 0.5
25.138636 -5.755231 0 0.5
25.296295 -4.9370384 0 0.5
25.4664 -4.3864017 0 0.5
25.645573 -4.103498 0 0.5
25.830433 -4.088506 0 0.5
26.017603 -4.3416033 0 0.5
26.203705 -4.862967 0 0.5
26.385365 -5.652776 0 0.5
26.559202 -6.711206 0 0.5
26.721838 -8.038437 0 0.5
26.869898 -9.634645 0 0.5
27.0 -11.5 0 0.5
27.515528 -11.713244 0 0.5
28.020208 -11.8726225 0 0.5
28.5112 -11.9776 0 0.5
28.98566 -12.027644 0 0.5
29.44074 -12.022222 0 0.5
29.8736 -11.960799 0 0.5
30.281391 -11.842844 0 0.5
30.661274 -11.667821 0 0.5
31.010403 -11.435199 0 0.5
31.325928 -11.144443 0 0.5
31.605007 -10.795021 0 0.5
31.844799 -10.386398 0 0.5
32.04246 -9.918044 0 0.5
32.19514 -9.389421 0 0.5
32.3 -8.8 0 0.5
33.05028 -9.512148 0 0.5
33.75025 -10.243851 0 0.5
34.4136 -10.987999 0 0.5
35.054012 -11.73748 0 0.5
35.685184 -12.485184 0 0.5
36.320797 -13.223999 0 0.5
36.974545 -13.946815 0 0.5
37.66012 -14.646518 0 0.5
38.3912 -15.315999 0 0.5
39.18148 -15.948148 0 0.5
40.04465 -16.535852 0 0.5
40.994396 -17.072 0 0.5
42.044415 -17.549482 0 0.5
43.20838 -17.961185 0 0.5
44.5 -18.300001 0 0.5
45.581367 -18.282103 0 0.5
46.745575 -18.226164 0 0.5
47.992805 -18.1288 0 0.5
49.32324 -17.986637 0 0.5
50.73704 -17.796295 0 0.5
52.234406 -17.5544 0.1 0.5
53.815502 -17.25757 0.1 0.5
55.48051 -16.90243 0.1 0.5
57.22961 -16.4856 0.1 0.5
59.06297 -16.003702 0.2 0.5
60.98078 -15.4533615 0.2 0.5
62.98321 -14.831199 0.2 0.5
65.07044 -14.133835 0.2 0.5
67.242645 -13.357894 0.3 0.5
100 0 0.4 0.5
100 -100 0 0.5

